59 115
26 99
68 97
41 63
99 116
21 60
79 118
113 85
86 55
33 114
76 70
27 47
117 40
30 46
60 62
87 55
21 108
60 67
82 93
44 49
84 96
89 34
47 34
94 44
117 80
91 62
112 73
37 92
50 48
113 100
24 55
56 27
103 21
61 24
116 111
51 62
67 76
95 57
113 116
63 49
44 56
52 47
33 66
102 53
117 107
40 106
109 27
79 99
40 82
98 96
105 105
94 31
97 78
50 23
86 22
39 59
54 92
37 67
81 102
58 33
113 88
117 71
20 58
65 63
20 116
114 69
117 29
99 88
90 49
35 80
84 87
79 111
97 25
115 21
82 66
79 84
71 38
68 80
57 82
30 73
102 31
68 42
109 106
40 42
24 71
95 101
39 94
100 108
102 26
57 89
108 54
92 107
38 62
38 32
115 46
68 37
106 84
55 73
48 103
107 64